Score,Driving Distance,Fairways Hit (%),Greens Hit (%),Hole Proximity,Scrambling (%),Sand Saves (%),Putts
65.903,310.5,69.64,72.22,35.83,60.0,42.86,30.5
66.153,313.3,67.86,65.28,33.75,60.0,50.0,27.75
66.153,306.3,55.36,65.28,28.25,52.0,60.0,28.25
66.653,295.9,51.79,69.44,33.58,72.73,42.86,29.25
66.903,300.9,55.36,66.67,35.17,54.17,100.0,29.0
66.903,306.8,51.79,66.67,35.08,58.33,54.55,28.5
67.153,309.6,60.71,68.06,31.58,47.83,57.14,29.5
67.153,297.0,62.5,58.33,35.5,60.0,57.14,28.25
67.153,297.4,66.07,68.06,30.75,52.17,75.0,30.0
67.403,295.8,71.43,72.22,32.92,60.0,66.67,31.25
67.403,309.0,71.43,66.67,38.58,62.5,40.0,29.25
67.653,306.6,53.57,65.28,41.25,56.0,62.5,30.0
67.653,309.6,58.93,63.89,38.33,53.85,40.0,30.25
67.903,309.1,60.71,70.83,36.42,42.86,100.0,30.25
67.903,318.9,57.14,59.72,41.58,58.62,54.55,28.0
67.903,293.3,51.79,65.28,41.33,56.0,66.67,29.25
67.903,302.9,51.79,61.11,34.0,57.14,50.0,29.25
67.903,298.0,50.0,62.5,37.42,55.56,60.0,29.0
67.903,293.5,62.5,55.56,36.17,59.38,57.14,27.75
67.903,299.0,51.79,55.56,42.92,59.38,60.0,28.25
67.903,304.5,42.86,55.56,39.42,59.38,83.33,28.25
67.903,297.4,64.29,62.5,38.67,48.15,44.44,29.25
68.153,292.3,73.21,56.94,41.25,58.06,100.0,28.75
68.403,295.5,51.79,51.39,41.58,60.0,33.33,28.25
68.403,318.8,55.36,58.33,36.58,53.33,16.67,29.25
68.403,305.8,55.36,56.94,39.42,58.06,33.33,28.25
68.653,295.4,44.64,58.33,41.58,60.0,71.43,29.0
68.653,306.1,58.93,56.94,37.67,67.74,80.0,29.25
68.653,314.5,58.93,59.72,40.67,55.17,66.67,29.25
68.653,304.3,60.71,54.17,38.75,57.58,25.0,28.75
68.903,309.8,33.93,48.61,37.58,56.76,40.0,27.0
68.903,291.1,60.71,55.56,41.0,68.75,87.5,28.5
68.903,302.8,50.0,58.33,36.92,46.67,62.5,29.25
68.903,311.1,58.93,61.11,39.0,46.43,50.0,29.75
68.903,300.1,50.0,56.94,36.58,61.29,80.0,29.5
68.903,307.1,46.43,63.89,36.42,46.15,42.86,29.75
69.153,302.0,50.0,66.67,38.67,54.17,33.33,31.75
69.153,305.3,73.21,63.89,45.17,50.0,66.67,31.25
69.153,307.0,62.5,63.89,38.25,53.85,50.0,30.75
69.153,295.3,50.0,61.11,40.83,39.29,60.0,30.0
69.153,309.1,44.64,59.72,45.5,27.59,46.15,29.5
69.153,304.4,44.64,63.89,39.42,50.0,42.86,31.0
69.403,299.1,60.71,59.72,35.67,44.83,60.0,30.25
69.403,319.9,46.43,56.94,32.42,64.52,62.5,29.5
69.403,292.1,62.5,55.56,43.58,62.5,80.0,29.5
69.403,319.5,60.71,61.11,35.83,53.57,62.5,29.25
69.653,291.9,60.71,65.28,38.42,44.0,66.67,31.25
69.653,313.1,44.64,58.33,40.83,53.33,57.14,30.75
69.903,301.8,67.86,58.33,38.58,53.33,0.0,30.5
69.903,289.1,58.93,48.61,42.33,64.86,50.0,29.0
69.903,297.3,48.21,54.17,42.42,63.64,40.0,29.75
69.903,306.3,60.71,59.72,35.58,44.83,57.14,30.75
70.153,309.1,51.79,58.33,44.92,53.33,33.33,30.75
70.153,287.4,46.43,48.61,42.67,59.46,62.5,28.25
70.403,320.9,50.0,50.0,41.08,36.11,33.33,28.25
70.653,303.1,55.36,61.11,39.0,42.86,50.0,31.75
70.653,320.0,41.07,59.72,43.0,44.83,40.0,30.75
70.653,314.1,50.0,56.94,45.0,35.48,71.43,30.0
70.653,304.9,44.64,51.39,39.42,51.43,57.14,28.75
71.403,306.3,30.36,47.22,42.42,52.63,66.67,29.5
71.653,299.9,57.14,55.56,37.17,37.5,30.0,30.5
71.653,302.5,37.5,52.78,34.92,44.12,46.15,29.5
71.903,316.8,48.21,58.33,36.25,43.33,37.5,29.5
72.153,301.8,53.57,54.17,40.5,42.42,40.0,31.25
67.651,285.0,76.79,73.61,29.33,84.21,66.67,28.0
68.651,298.0,62.5,62.5,29.08,66.67,42.86,26.25
69.151,308.1,64.29,62.5,34.83,70.37,70.0,27.0
69.151,302.1,64.29,72.22,33.75,50.0,33.33,28.75
69.401,286.5,73.21,59.72,33.5,62.07,58.33,26.0
69.401,300.9,66.07,55.56,33.83,62.5,57.14,24.75
69.401,289.9,67.86,51.39,36.17,71.43,87.5,25.75
69.401,303.1,66.07,56.94,32.75,74.19,55.56,26.75
69.401,305.8,60.71,66.67,32.08,45.83,33.33,27.75
69.901,293.1,76.79,63.89,33.17,73.08,66.67,28.0
69.901,315.5,50.0,68.06,34.5,56.52,25.0,27.5
69.901,303.4,69.64,66.67,30.17,54.17,27.27,28.5
70.151,288.6,73.21,73.61,30.25,42.11,40.0,29.25
70.151,289.3,80.36,59.72,39.5,68.97,55.56,27.25
70.151,296.0,80.36,56.94,36.0,51.61,25.0,27.0
70.151,297.9,58.93,59.72,33.92,65.52,40.0,28.25
70.151,296.8,55.36,50.0,40.92,66.67,44.44,25.25
70.401,287.0,67.86,59.72,39.25,58.62,57.14,28.0
70.401,283.6,75.0,54.17,35.0,60.61,88.89,27.0
70.401,308.8,64.29,65.28,33.17,56.0,16.67,29.25
70.401,291.6,69.64,63.89,32.83,57.69,63.64,28.75
70.401,314.9,64.29,62.5,33.5,59.26,54.55,28.0
70.401,303.5,66.07,56.94,40.92,61.29,60.0,27.0
70.401,299.4,62.5,59.72,34.25,41.38,50.0,27.75
70.401,302.0,58.93,50.0,42.42,75.0,77.78,26.25
70.651,311.5,55.36,62.5,31.58,55.56,54.55,27.5
70.651,295.3,67.86,55.56,37.17,56.25,28.57,26.0
70.651,278.8,67.86,69.44,32.67,54.55,33.33,29.0
70.651,287.5,75.0,51.39,38.67,60.0,61.54,26.25
70.651,293.0,83.93,62.5,32.08,48.15,57.14,29.25
70.901,293.8,69.64,54.17,42.58,60.61,36.36,26.75
71.151,294.0,69.64,56.94,34.75,51.61,50.0,27.25
71.151,277.8,73.21,61.11,32.33,60.71,60.0,26.75
71.151,296.1,76.79,58.33,33.08,63.33,50.0,28.75
71.151,303.9,58.93,54.17,40.5,57.58,55.56,25.75
71.151,297.5,57.14,61.11,30.92,60.71,66.67,28.25
71.401,301.6,66.07,56.94,35.75,54.84,54.55,27.0
71.401,314.5,55.36,61.11,32.17,50.0,55.56,28.0
71.401,291.3,53.57,51.39,38.08,57.14,57.14,27.0
71.401,288.1,75.0,58.33,32.67,66.67,54.55,27.75
71.401,284.9,71.43,59.72,38.0,55.17,53.85,28.25
71.401,289.1,66.07,58.33,33.42,53.33,66.67,27.75
71.401,291.6,58.93,59.72,37.92,44.83,53.33,28.5
71.401,304.1,51.79,61.11,40.58,57.14,66.67,28.5
71.651,282.8,71.43,47.22,35.83,65.79,53.33,26.0
71.651,298.3,67.86,59.72,35.17,62.07,53.85,28.75
71.651,281.1,76.79,50.0,36.25,55.56,28.57,26.0
71.901,305.1,53.57,44.44,37.0,62.5,33.33,25.25
71.901,266.8,85.71,61.11,30.42,42.86,44.44,28.5
71.901,297.0,66.07,54.17,39.33,57.58,60.0,28.5
72.151,298.1,60.71,58.33,37.75,50.0,40.0,27.5
72.151,307.0,62.5,51.39,37.08,57.14,45.45,26.5
72.401,303.1,37.5,52.78,33.67,64.71,36.36,27.25
72.401,288.4,67.86,59.72,38.33,41.38,37.5,27.75
72.401,296.1,55.36,55.56,37.17,40.63,33.33,27.75
72.401,284.3,69.64,61.11,38.08,46.43,37.5,29.0
72.401,286.3,67.86,54.17,39.67,57.58,63.64,28.25
72.401,286.9,62.5,61.11,34.33,57.14,57.14,29.0
72.401,286.1,51.79,55.56,33.5,62.5,53.85,28.5
72.651,286.0,82.14,66.67,35.92,50.0,41.67,30.5
72.651,286.8,69.64,55.56,33.75,56.25,22.22,28.25
72.651,274.6,71.43,50.0,40.25,55.56,33.33,26.75
72.651,315.5,62.5,50.0,36.92,58.33,50.0,27.75
72.901,294.5,62.5,58.33,33.08,53.33,37.5,28.75
72.901,279.5,71.43,51.39,36.17,60.0,33.33,28.25
72.901,291.0,51.79,51.39,34.75,42.86,36.36,27.75
73.651,306.8,55.36,47.22,40.25,63.16,50.0,28.75
73.651,301.5,55.36,58.33,29.42,50.0,16.67,29.25
73.901,288.1,64.29,51.39,37.92,37.14,30.77,30.25
74.651,262.8,83.93,45.83,33.58,53.85,33.33,28.5
64.966,316.8,51.92,68.06,33.17,78.26,75.0,25.5
65.466,312.0,63.46,66.67,33.67,70.83,0.0,26.5
65.966,313.3,67.31,76.39,32.33,70.59,50.0,28.75
66.216,300.9,57.69,80.56,30.42,57.14,100.0,29.75
66.216,307.9,69.23,63.89,31.75,57.69,0.0,26.75
66.716,297.8,76.92,73.61,30.33,68.42,25.0,28.75
67.216,314.9,65.38,66.67,32.17,62.5,80.0,26.5
67.216,307.3,73.08,70.83,33.58,85.71,100.0,29.0
67.216,316.4,67.31,66.67,35.75,75.0,83.33,27.75
67.466,302.4,65.38,69.44,34.25,72.73,50.0,29.0
67.466,300.9,73.08,72.22,31.67,60.0,100.0,30.0
67.716,291.3,71.15,62.5,33.83,74.07,75.0,27.25
67.716,297.8,67.31,55.56,31.83,75.0,33.33,26.25
67.716,305.9,78.85,79.17,30.75,53.33,25.0,31.0
67.716,281.1,67.31,66.67,36.92,79.17,0.0,28.25
67.716,302.5,59.62,66.67,29.83,70.83,33.33,28.75
67.966,294.4,71.15,65.28,34.5,76.0,66.67,28.0
67.966,304.8,61.54,66.67,40.42,54.17,33.33,27.75
67.966,308.6,65.38,68.06,34.92,47.83,33.33,29.5
68.216,285.5,73.08,79.17,34.17,66.67,33.33,30.75
68.216,294.1,69.23,62.5,34.33,55.56,33.33,27.75
68.216,312.8,71.15,70.83,32.58,61.9,33.33,29.5
68.216,294.1,69.23,65.28,37.5,56.0,50.0,28.75
68.466,291.8,67.31,68.06,30.58,69.57,66.67,30.0
68.466,300.8,75.0,61.11,32.75,57.14,66.67,28.0
68.466,306.0,71.15,63.89,34.08,65.38,66.67,29.0
68.716,298.8,71.15,56.94,40.0,51.61,0.0,26.75
68.716,311.6,71.15,68.06,35.83,43.48,0.0,30.0
68.716,300.4,57.69,63.89,32.33,57.69,33.33,28.25
68.716,294.3,65.38,65.28,31.0,64.0,50.0,28.5
68.716,297.4,73.08,70.83,29.5,57.14,50.0,30.5
68.716,292.8,67.31,62.5,31.67,62.96,100.0,28.25
68.716,297.5,51.92,65.28,33.42,48.0,100.0,28.25
68.966,284.1,63.46,59.72,34.0,68.97,100.0,28.25
68.966,306.6,69.23,69.44,37.08,54.55,50.0,30.0
68.966,316.3,71.15,70.83,35.5,28.57,50.0,29.5
68.966,311.5,57.69,58.33,37.83,70.0,50.0,27.75
68.966,285.8,55.77,63.89,36.67,65.38,80.0,28.5
68.966,285.8,75.0,62.5,36.0,51.85,20.0,28.75
68.966,293.1,48.08,62.5,31.92,55.56,50.0,27.75
68.966,302.5,65.38,62.5,39.67,55.56,71.43,27.75
68.966,306.1,61.54,68.06,35.75,60.87,0.0,29.25
69.216,291.4,67.31,72.22,32.75,45.0,20.0,29.5
69.216,306.8,59.62,61.11,38.25,67.86,40.0,28.0
69.466,311.1,69.23,66.67,36.25,50.0,33.33,30.0
69.466,301.8,71.15,65.28,34.08,60.0,28.57,30.25
69.716,300.6,59.62,65.28,36.25,56.0,50.0,29.25
69.716,296.8,67.31,69.44,32.17,63.64,0.0,31.25
69.716,297.3,48.08,63.89,33.17,46.15,40.0,29.0
69.716,286.6,73.08,66.67,36.33,45.83,50.0,30.0
69.716,279.9,69.23,58.33,33.58,63.33,50.0,28.5
69.966,303.0,69.23,59.72,33.42,65.52,50.0,28.75
69.966,296.9,59.62,62.5,38.42,59.26,33.33,28.5
69.966,301.9,55.77,65.28,35.92,52.0,50.0,29.5
69.966,303.5,53.85,65.28,44.08,72.0,40.0,30.0
69.966,284.0,57.69,59.72,37.17,48.28,40.0,27.5
69.966,308.3,57.69,76.39,30.75,47.06,50.0,31.75
70.216,279.6,55.77,56.94,33.33,64.52,50.0,27.25
70.216,291.0,57.69,62.5,35.08,81.48,60.0,30.25
70.466,299.5,46.15,65.28,34.58,56.0,33.33,30.0
70.466,300.9,65.38,62.5,34.83,51.85,50.0,29.75
70.716,282.9,57.69,56.94,40.08,54.84,50.0,27.75
70.966,289.4,71.15,48.61,42.75,70.27,83.33,28.75
70.966,309.4,48.08,61.11,37.08,64.29,33.33,28.0
70.966,304.5,42.31,55.56,37.75,59.38,33.33,28.75
70.966,295.6,65.38,55.56,32.58,59.38,60.0,29.75
70.966,297.8,38.46,54.17,38.0,48.48,60.0,28.0
71.216,312.9,36.54,56.94,35.0,51.61,0.0,29.75
71.716,312.4,61.54,63.89,37.75,42.31,33.33,31.0
68.467,306.8,66.07,76.39,44.75,88.24,100.0,27.25
68.717,318.6,62.5,70.83,35.83,80.95,50.0,27.0
68.967,308.5,66.07,77.78,29.17,81.25,60.0,27.25
68.967,309.0,67.86,84.72,37.17,63.64,50.0,28.25
69.217,306.8,64.29,76.39,41.5,70.59,75.0,27.5
69.217,310.1,73.21,80.56,37.08,78.57,66.67,27.75
69.217,322.1,46.43,72.22,36.25,80.0,55.56,26.25
69.467,308.1,60.71,76.39,42.08,64.71,75.0,27.25
69.717,304.4,71.43,72.22,34.75,80.0,66.67,27.5
69.717,292.9,58.93,69.44,47.5,86.36,14.29,25.75
69.717,302.5,58.93,77.78,41.58,68.75,50.0,27.75
69.967,302.8,62.5,72.22,38.75,90.0,83.33,26.75
69.967,289.8,71.43,77.78,32.67,81.25,77.78,28.0
69.967,309.0,75.0,76.39,38.08,70.59,75.0,28.5
70.217,307.9,57.14,69.44,41.67,90.91,75.0,26.5
70.217,318.1,57.14,80.56,37.92,64.29,66.67,28.0
70.467,306.1,60.71,72.22,38.33,80.0,28.57,27.5
70.467,324.4,50.0,73.61,44.42,84.21,50.0,29.0
70.467,283.9,82.14,79.17,33.58,80.0,100.0,29.0
70.467,326.9,57.14,75.0,34.75,66.67,85.71,27.75
70.467,305.6,67.86,75.0,37.33,72.22,100.0,28.75
70.467,308.1,73.21,81.94,44.42,53.85,0.0,29.0
70.467,312.6,69.64,80.56,32.67,64.29,40.0,29.0
70.467,305.9,57.14,73.61,42.17,73.68,60.0,27.5
70.717,297.0,82.14,72.22,35.0,65.0,20.0,27.5
70.717,323.1,60.71,66.67,39.83,83.33,66.67,27.0
70.717,295.6,66.07,75.0,36.33,88.89,66.67,28.5
70.717,312.3,71.43,65.28,39.75,68.0,50.0,26.75
70.717,309.4,55.36,72.22,37.67,65.0,66.67,27.25
70.717,292.8,66.07,70.83,40.83,76.19,62.5,26.25
70.717,304.6,48.21,68.06,45.83,69.57,50.0,26.25
70.967,292.8,67.86,83.33,33.83,75.0,100.0,29.25
70.967,314.0,62.5,68.06,41.42,78.26,40.0,26.75
70.967,315.1,66.07,79.17,39.42,80.0,50.0,29.25
70.967,312.6,51.79,65.28,39.75,64.0,33.33,26.0
70.967,307.5,60.71,73.61,41.0,68.42,50.0,29.5
70.967,317.0,58.93,69.44,37.67,68.18,37.5,27.5
71.217,326.0,64.29,73.61,37.17,57.89,40.0,28.5
71.217,312.4,62.5,73.61,41.75,84.21,75.0,28.5
71.217,308.9,60.71,77.78,44.42,56.25,50.0,29.25
71.217,303.1,55.36,76.39,42.08,58.82,28.57,29.0
71.217,290.6,67.86,73.61,37.5,57.89,50.0,27.5
71.217,297.5,82.14,73.61,44.17,73.68,66.67,28.25
71.217,294.6,44.64,62.5,42.08,66.67,66.67,25.75
71.217,306.9,64.29,77.78,35.25,68.75,100.0,29.0
71.467,309.5,48.21,76.39,35.08,52.94,70.0,28.5
71.467,303.5,73.21,77.78,41.83,62.5,20.0,29.25
71.467,308.3,60.71,77.78,37.83,75.0,20.0,28.75
71.467,298.0,73.21,75.0,34.25,72.22,50.0,29.75
71.467,325.6,41.07,61.11,37.83,75.0,40.0,26.0
71.717,329.5,50.0,63.89,44.92,76.92,42.86,26.75
71.717,309.1,60.71,69.44,39.92,81.82,57.14,27.75
71.717,309.5,80.36,76.39,39.67,82.35,100.0,29.5
71.717,307.0,51.79,72.22,36.92,65.0,33.33,28.5
71.717,308.8,66.07,76.39,46.83,64.71,66.67,29.0
71.717,301.5,67.86,70.83,36.42,57.14,66.67,28.75
71.717,311.6,51.79,73.61,43.17,73.68,55.56,29.25
71.717,291.8,51.79,65.28,45.92,72.0,42.86,26.0
71.967,297.1,66.07,77.78,38.83,75.0,100.0,30.5
71.967,305.0,64.29,73.61,43.0,52.63,50.0,28.75
71.967,322.4,50.0,76.39,39.5,35.29,20.0,29.5
71.967,296.4,58.93,63.89,40.17,73.08,50.0,26.0
71.967,303.1,57.14,68.06,37.67,65.22,44.44,27.5
71.967,325.1,46.43,79.17,42.08,73.33,66.67,29.5
72.217,329.4,62.5,72.22,38.33,65.0,66.67,28.75
72.217,294.9,39.29,63.89,41.0,61.54,57.14,26.5
72.217,306.5,41.07,65.28,49.25,68.0,42.86,27.75
72.217,332.8,32.14,66.67,38.58,62.5,40.0,29.5
72.467,312.8,44.64,72.22,44.33,80.0,14.29,29.0
72.467,315.9,53.57,65.28,37.08,76.0,83.33,27.5
72.467,306.0,60.71,63.89,43.67,69.23,42.86,27.25
72.467,295.1,53.57,65.28,43.58,72.0,50.0,27.75
72.717,308.3,55.36,59.72,44.17,62.07,55.56,27.0
72.717,308.0,62.5,66.67,41.33,66.67,66.67,27.75
72.717,289.8,78.57,68.06,40.08,69.57,25.0,28.25
72.967,296.6,71.43,70.83,42.0,61.9,28.57,28.75
72.967,316.6,60.71,61.11,49.58,75.0,33.33,28.0
72.967,310.9,62.5,63.89,43.33,61.54,20.0,28.75
73.217,314.9,55.36,68.06,48.42,47.83,11.11,29.25
73.217,322.8,58.93,68.06,42.92,56.52,44.44,29.25
73.467,311.4,58.93,65.28,38.83,60.0,20.0,28.0
73.467,293.1,71.43,63.89,41.0,69.23,33.33,28.25
73.967,306.3,57.14,65.28,40.5,64.0,33.33,28.75
73.967,313.4,62.5,62.5,42.58,55.56,42.86,28.25
65.903,295.9,75.0,87.5,32.58,66.67,100.0,29.0
66.403,286.5,69.64,77.78,28.25,75.0,80.0,28.25
66.403,297.9,62.5,77.78,33.5,68.75,66.67,28.0
66.903,310.4,67.86,72.22,36.5,70.0,60.0,27.25
67.153,288.1,64.29,75.0,34.58,66.67,100.0,28.0
67.653,281.5,66.07,72.22,40.33,75.0,40.0,27.75
67.653,310.8,57.14,69.44,37.92,77.27,42.86,27.0
67.903,308.1,71.43,72.22,37.75,65.0,33.33,28.5
67.903,296.4,80.36,79.17,27.25,66.67,50.0,29.5
67.903,278.8,66.07,75.0,31.67,66.67,75.0,29.0
67.903,278.0,85.71,80.56,27.0,50.0,66.67,30.0
67.903,300.6,64.29,65.28,33.33,72.0,44.44,27.0
68.153,302.5,60.71,75.0,39.08,44.44,50.0,30.0
68.153,303.9,60.71,79.17,37.17,66.67,50.0,29.0
68.153,289.5,67.86,73.61,32.0,68.42,50.0,28.75
68.153,286.5,75.0,75.0,38.75,72.22,50.0,29.25
68.153,294.6,64.29,83.33,34.17,66.67,100.0,30.25
68.153,294.0,76.79,77.78,33.08,62.5,75.0,29.5
68.403,296.6,64.29,83.33,32.33,75.0,33.33,30.5
68.403,275.4,60.71,66.67,41.0,66.67,75.0,27.75
68.403,289.4,60.71,70.83,34.33,57.14,83.33,27.75
68.403,306.6,66.07,76.39,32.5,70.59,50.0,30.25
68.403,316.1,60.71,76.39,35.75,52.94,33.33,28.5
68.403,282.3,67.86,83.33,34.92,58.33,100.0,31.5
68.653,281.9,85.71,72.22,30.08,50.0,50.0,28.25
68.653,297.1,58.93,83.33,32.42,41.67,66.67,30.25
68.653,295.3,67.86,73.61,33.58,57.89,25.0,29.25
68.653,301.5,75.0,68.06,37.17,82.61,66.67,27.75
68.653,286.0,62.5,73.61,33.92,68.42,50.0,29.25
68.653,279.6,78.57,70.83,34.17,66.67,83.33,27.0
68.653,286.4,67.86,70.83,33.75,66.67,33.33,28.5
68.653,301.4,76.79,86.11,31.08,70.0,0.0,32.25
68.653,287.6,67.86,68.06,33.0,60.87,50.0,27.75
68.653,289.1,71.43,72.22,36.0,65.0,33.33,28.5
68.903,317.0,67.86,76.39,35.42,58.82,42.86,30.25
68.903,328.5,66.07,69.44,38.58,68.18,16.67,28.5
68.903,306.6,64.29,79.17,38.25,60.0,50.0,30.0
68.903,283.8,66.07,72.22,31.92,65.0,40.0,29.25
68.903,295.6,64.29,73.61,37.75,57.89,60.0,30.0
69.153,305.0,58.93,65.28,36.83,64.0,40.0,28.0
69.153,278.8,69.64,79.17,35.08,66.67,60.0,31.0
69.153,305.6,55.36,65.28,38.17,72.0,50.0,27.5
69.403,283.8,76.79,73.61,38.5,52.63,25.0,29.5
69.403,288.9,69.64,80.56,37.33,57.14,0.0,31.0
69.403,294.3,60.71,75.0,33.83,55.56,33.33,29.75
69.653,285.6,69.64,69.44,35.33,63.64,75.0,29.0
69.653,282.0,60.71,69.44,33.83,63.64,66.67,29.0
69.653,282.4,58.93,70.83,34.25,61.9,40.0,29.5
69.653,296.9,71.43,70.83,34.17,61.9,33.33,29.75
69.653,282.0,71.43,73.61,39.08,68.42,66.67,29.75
69.653,289.1,71.43,72.22,33.67,75.0,50.0,30.5
69.653,285.4,67.86,77.78,30.25,50.0,100.0,30.0
69.903,298.9,75.0,63.89,38.67,57.69,75.0,29.0
69.903,297.3,64.29,70.83,34.42,42.86,100.0,29.5
69.903,296.1,42.86,76.39,35.5,82.35,50.0,31.25
70.153,307.3,71.43,65.28,41.08,48.0,33.33,28.0
70.153,323.8,48.21,77.78,34.92,62.5,50.0,31.5
70.153,310.1,69.64,75.0,37.67,50.0,60.0,30.5
70.153,274.6,53.57,72.22,34.42,50.0,33.33,29.75
70.153,291.9,76.79,68.06,33.83,69.57,45.45,29.5
70.153,293.0,66.07,75.0,31.5,55.56,50.0,31.0
70.153,291.1,64.29,69.44,33.42,63.64,50.0,29.25
70.403,286.6,75.0,68.06,35.17,43.48,25.0,29.5
70.653,293.0,62.5,72.22,39.75,30.0,60.0,29.75
70.653,290.8,66.07,63.89,36.17,46.15,37.5,29.25
70.653,303.6,71.43,76.39,35.0,58.82,33.33,31.0
70.903,306.1,50.0,65.28,46.42,48.0,50.0,29.25
71.153,281.5,58.93,70.83,35.42,38.1,0.0,31.5
71.653,287.5,71.43,72.22,34.5,40.0,50.0,30.5
71.903,296.6,69.64,70.83,27.25,33.33,0.0,31.5
71.903,308.4,48.21,58.33,37.92,46.67,40.0,29.5
66.24,291.4,71.43,63.89,33.42,57.69,37.5,26.75
66.74,285.6,76.79,62.5,36.0,55.56,66.67,26.75
66.74,278.9,66.07,62.5,39.08,85.19,100.0,27.5
66.74,295.8,60.71,65.28,29.5,68.0,50.0,27.75
67.24,293.8,62.5,77.78,32.25,43.75,66.67,30.0
67.49,279.9,69.64,68.06,31.42,60.87,42.86,28.25
67.49,286.0,55.36,66.67,38.25,66.67,40.0,28.5
67.49,266.5,64.29,58.33,40.33,63.33,100.0,27.25
67.74,288.6,64.29,62.5,38.67,44.44,33.33,28.0
67.74,280.4,64.29,56.94,39.08,74.19,70.0,27.25
67.74,267.4,82.14,66.67,35.33,70.83,80.0,29.5
67.74,278.6,55.36,63.89,42.5,69.23,33.33,28.25
67.74,276.8,64.29,62.5,40.58,77.78,50.0,28.5
67.74,282.6,64.29,66.67,33.92,62.5,66.67,28.25
67.99,286.6,58.93,62.5,35.0,55.56,44.44,28.25
67.99,287.3,57.14,65.28,30.67,52.0,66.67,29.0
67.99,271.8,69.64,68.06,37.83,60.87,50.0,30.0
67.99,264.6,78.57,59.72,34.17,75.86,50.0,28.25
67.99,279.9,69.64,61.11,36.33,67.86,60.0,28.5
67.99,284.4,46.43,63.89,34.67,50.0,28.57,28.75
68.24,275.0,67.86,59.72,37.33,65.52,62.5,28.5
68.24,285.9,64.29,59.72,32.75,55.17,80.0,27.5
68.24,286.8,66.07,59.72,38.67,58.62,33.33,27.75
68.24,270.1,67.86,56.94,34.92,61.29,50.0,27.25
68.49,260.5,87.5,54.17,36.17,69.7,100.0,27.5
68.49,266.9,60.71,61.11,39.67,53.57,42.86,28.25
68.49,275.4,66.07,58.33,34.5,60.0,33.33,28.25
68.49,272.1,75.0,56.94,38.58,67.74,100.0,27.25
68.49,279.6,64.29,62.5,34.08,55.56,50.0,28.75
68.49,314.6,50.0,59.72,35.67,65.52,66.67,27.0
68.74,289.5,62.5,65.28,34.42,56.0,75.0,30.25
68.74,269.4,64.29,58.33,37.5,46.67,50.0,27.75
68.74,280.1,66.07,61.11,35.58,60.71,62.5,29.0
68.74,288.5,50.0,54.17,39.42,57.58,55.56,26.75
68.99,269.5,78.57,68.06,32.92,47.83,50.0,30.25
68.99,268.3,67.86,52.78,37.42,64.71,62.5,27.0
69.24,281.4,62.5,59.72,37.67,62.07,62.5,28.25
69.24,279.4,60.71,58.33,37.5,36.67,50.0,29.25
69.24,270.1,66.07,61.11,34.25,67.86,55.56,29.75
69.24,271.9,62.5,52.78,41.0,50.0,50.0,27.75
69.49,285.9,71.43,58.33,42.33,56.67,71.43,28.25
69.49,273.5,60.71,65.28,31.42,44.0,11.11,29.75
69.49,275.1,60.71,61.11,36.25,50.0,44.44,29.75
69.49,263.5,71.43,54.17,35.58,45.45,100.0,27.75
69.49,273.8,66.07,58.33,43.08,53.33,50.0,29.25
69.74,277.6,53.57,59.72,39.08,48.28,40.0,29.25
69.74,249.0,67.86,47.22,43.08,63.16,50.0,27.0
69.74,262.1,75.0,59.72,36.42,44.83,33.33,30.0
69.99,267.4,71.43,59.72,39.83,65.52,66.67,29.75
69.99,265.8,64.29,55.56,32.17,59.38,50.0,28.25
70.24,288.9,57.14,59.72,32.17,41.38,18.18,30.0
70.24,266.9,75.0,62.5,32.25,44.44,11.11,30.5
70.24,275.9,57.14,52.78,37.08,52.94,77.78,27.0
70.24,265.8,78.57,59.72,42.25,51.72,60.0,29.5
70.24,281.3,62.5,58.33,38.33,56.67,40.0,29.5
70.49,265.1,76.79,58.33,35.42,56.67,40.0,29.75
70.49,291.3,51.79,61.11,34.67,53.57,25.0,27.75
70.49,270.3,53.57,59.72,34.5,51.72,50.0,30.5
70.74,265.3,67.86,54.17,38.33,51.52,33.33,27.75
70.74,268.1,69.64,52.78,37.75,50.0,37.5,27.25
70.99,272.6,82.14,61.11,38.5,50.0,50.0,30.75
71.49,287.3,51.79,54.17,36.83,48.48,42.86,27.75
71.49,278.6,64.29,55.56,40.33,43.75,0.0,29.75
71.99,272.4,64.29,54.17,41.17,39.39,33.33,30.75
71.99,266.6,75.0,58.33,35.83,43.33,25.0,31.0
